F 0  0.602652013 -0.757677972 -0.249795005  0.782642901 0.622509003 0  0.155551553 -0.195565552 0.968470812  -0.0211913995 0.309038997 0.0360928997  0.502897024
f 0 0 0
F 0  0.602652013 -0.757677972 -0.249795005  0.782642901 0.622509003 0  0.155551553 -0.195565552 0.968470812  -0.0211913995 0.309038997 0.0360928997  0.502897024
f 0 0 0
F 0  0.602652013 -0.757677972 -0.249795005  0.782642901 0.622509003 0  0.155551553 -0.195565552 0.968470812  -0.0211913995 0.309038997 0.0360928997  0.502897024
f 0 0 0
F 0  0.602652013 -0.757677972 -0.249795005  0.782642901 0.622509003 0  0.155551553 -0.195565552 0.968470812  -0.0211913995 0.309038997 0.0360928997  0.502897024
f 0 0 0
F 0  0.600375295 -0.757385969 -0.256084472  0.783605337 0.621297002 -0.000404705497  0.159461424 -0.200489551 0.966826677  -0.0207223576 0.308447301 0.0358928256  0.502897024
f 0 0 0
F 0  0.600240529 -0.757367611 -0.256454378  0.783728957 0.621141016 -2.41295256e-05  0.159365609 -0.201043054 0.966727495  -0.0206948593 0.308412522 0.0358807705  0.502897024
f 0 0 0
F 0  0.600146532 -0.757354736 -0.256712109  0.78377229 0.62108624 -1.68400147e-05  0.159506187 -0.201260701 0.96665895  -0.0206757095 0.308388263 0.0358723514  0.502897024
f 0 0 0
F 0  0.600029886 -0.757338762 -0.257031888  0.783823967 0.621020973 -2.09205427e-05  0.159691229 -0.201522321 0.966573894  -0.0206519533 0.308358192 0.0358618982  0.502897024
f 0 0 0
F 0  0.599654913 -0.757286549 -0.258058518  0.783984244 0.620818496 -6.73629547e-05  0.16031149 -0.202340335 0.966300368  -0.0205756426 0.308261544 0.0358282775  0.502897024
f 0 0 0
F 0  0.599271119 -0.757232249 -0.259107232  0.784155607 0.620601952 -6.90832239e-05  0.160907984 -0.203206226 0.966019452  -0.0204977095 0.308162779 0.0357937925  0.502897024
f 0 0 0
F 0  0.598887026 -0.757176936 -0.260154575  0.784326971 0.62038511 -6.92942558e-05  0.161501959 -0.204072267 0.965737581  -0.0204199236 0.308064163 0.0357592106  0.502897024
f 0 0 0
F 0  0.59847492 -0.757141232 -0.261204571  0.784518898 0.62014246 -7.84861113e-05  0.162097186 -0.204940826 0.965453923  -0.0203419719 0.307965219 0.0357243828  0.502897024
f 0 0 0
F 0  0.598070025 -0.757113278 -0.262210697  0.784711659 0.619898498 -7.85784578e-05  0.162657425 -0.205781043 0.965180993  -0.0202643126 0.307866603 0.0356895588  0.502897024
f 0 0 0
F 0  0.597664893 -0.757084429 -0.26321575  0.78490442 0.619654417 -7.88002799e-05  0.163216561 -0.206620619 0.964907169  -0.0201867688 0.307768047 0.0356546417  0.502897024
f 0 0 0
F 0  0.59723109 -0.75707525 -0.264224887  0.785117865 0.619383931 -8.82830063e-05  0.163777754 -0.207463697 0.964631081  -0.0201089568 0.307669044 0.0356194302  0.502897024
f 0 0 0
F 0  0.596798241 -0.757065117 -0.26522997  0.785332024 0.619112372 -8.82782915e-05  0.164328471 -0.208309993 0.964354932  -0.0200314932 0.307570428 0.0355842225  0.502897024
f 0 0 0
F 0  0.596369982 -0.757062733 -0.266198456  0.785546958 0.618839622 -8.89729272e-05  0.164856151 -0.209127665 0.964087903  -0.0199537743 0.307471424 0.0355487801  0.502897024
f 0 0 0
F 0  0.595941782 -0.757059455 -0.267165393  0.785761535 0.61856705 -8.91666423e-05  0.165382028 -0.20994474 0.963820279  -0.0198762305 0.30737254 0.0355132595  0.502897024
f 0 0 0
F 0  0.595514417 -0.757055342 -0.268128753  0.785975397 0.618295193 -8.91951422e-05  0.165905267 -0.210759372 0.963552594  -0.0197990034 0.307273984 0.0354777426  0.502897024
f 0 0 0
F 0  0.595058501 -0.757071018 -0.26909551  0.786209822 0.61799705 -9.88305474e-05  0.166430205 -0.211576834 0.963282824  -0.0197215527 0.30717507 0.0354419537  0.502897024
f 0 0 0
F 0  0.59460324 -0.757085741 -0.270059347  0.78644532 0.617697358 -9.89028194e-05  0.166945159 -0.212398484 0.963012815  -0.0196443703 0.307076424 0.0354061462  0.502897024
f 0 0 0
F 0  0.594152868 -0.757108271 -0.270985991  0.786681354 0.617396593 -9.96170493e-05  0.167436674 -0.213191032 0.962752283  -0.019566996 0.306977391 0.0353701189  0.502897024
f 0 0 0
F 0  0.593703151 -0.757129848 -0.271909684  0.786916792 0.617096484 -9.96432282e-05  0.167925566 -0.213981986 0.962491572  -0.0194898732 0.306878686 0.0353340767  0.502897024
f 0 0 0
F 0  0.59325248 -0.757150531 -0.272833794  0.78715229 0.616795957 -0.000100070145  0.168414369 -0.214773506 0.962229669  -0.0194127597 0.306779891 0.0352978818  0.502897024
f 0 0 0
F 0  0.592778683 -0.757200539 -0.27372393  0.787409246 0.616467893 -0.000110330191  0.168881461 -0.215538725 0.961976647  -0.0193351656 0.306680351 0.0352613293  0.502897024
f 0 0 0
F 0  0.592315435 -0.757258296 -0.274565846  0.787665904 0.616139948 -0.000109700464  0.169310153 -0.216272846 0.9617365  -0.0192583147 0.306581706 0.0352250226  0.502897024
f 0 0 0
F 0  0.591852486 -0.757315099 -0.27540642  0.787921965 0.615812421 -0.00010990617  0.169738173 -0.217005655 0.961495936  -0.0191816315 0.306483179 0.0351886488  0.502897024
f 0 0 0
F 0  0.591368437 -0.757400751 -0.276209146  0.788198173 0.615458488 -0.000119755743  0.170142397 -0.217708915 0.961265504  -0.0191048048 0.306384295 0.0351520851  0.502897024
f 0 0 0
F 0  0.590884626 -0.757485569 -0.27701053  0.788475692 0.615102887 -0.00011993033  0.170537382 -0.218417674 0.961034656  -0.0190281346 0.30628553 0.0351154692  0.502897024
f 0 0 0
F 0  0.590406656 -0.757579029 -0.277773052  0.788753629 0.614746511 -0.000120481018  0.170908004 -0.219096109 0.960814416  -0.0189513862 0.306186587 0.0350787267  0.502897024
f 0 0 0
F 0  0.589912117 -0.757674873 -0.278561026  0.789040029 0.61437875 -0.000124901082  0.171293437 -0.219795048 0.960586071  -0.0188721102 0.306084305 0.0350406431  0.502897024
f 0 0 0
F 0  0.589429855 -0.757792711 -0.279260248  0.789329529 0.614006698 -0.000126347135  0.171620414 -0.220427081 0.960382938  -0.0187979378 0.305988431 0.0350048877  0.502897024
f 0 0 0
F 0  0.588931322 -0.757913709 -0.279982239  0.78962779 0.613622963 -0.000130803935  0.171959788 -0.221078143 0.960172415  -0.0187214091 0.305889457 0.034967877  0.502897024
f 0 0 0
F 0  0.588440299 -0.758043289 -0.280663043  0.789926171 0.613238633 -0.000130965069  0.172269985 -0.22169973 0.959973514  -0.0186450109 0.305790573 0.0349308476  0.502897024
f 0 0 0
F 0  0.587922156 -0.758192837 -0.281344354  0.79024452 0.612828374 -0.000140785196  0.172579885 -0.222321942 0.959773898  -0.0185686555 0.30569154 0.0348936915  0.502897024
f 0 0 0
F 0  0.587418079 -0.758360326 -0.281945378  0.790564537 0.612415791 -0.000141108176  0.172832251 -0.222887173 0.959597349  -0.0184923448 0.305592507 0.0348565169  0.502897024
f 0 0 0
F 0  0.586887062 -0.758547723 -0.282546431  0.790903866 0.611977339 -0.000150883643  0.173084021 -0.223452777 0.959420562  -0.0184161142 0.305493414 0.0348192528  0.502897024
f 0 0 0
F 0  0.586360037 -0.758744895 -0.283110261  0.791246414 0.611534297 -0.000152012421  0.173304632 -0.223995358 0.959254146  -0.018339524 0.305393726 0.0347817391  0.502897024
f 0 0 0
F 0  0.585839391 -0.758939147 -0.283667088  0.791585147 0.611095846 -0.000150418753  0.173519641 -0.22453323 0.959089577  -0.0182639547 0.305295289 0.0347446129  0.502897024
f 0 0 0
F 0  0.585314631 -0.759134173 -0.284227908  0.79192549 0.610654712 -0.000151837783  0.173738137 -0.225073308 0.95892334  -0.018187901 0.305196047 0.0347071476  0.502897024
f 0 0 0
F 0  0.584789515 -0.759328663 -0.284788549  0.792265773 0.610213101 -0.000152098277  0.173955053 -0.225614339 0.958756924  -0.0181119032 0.305096805 0.0346696153  0.502897024
f 0 0 0
F 0  0.584263742 -0.759523034 -0.285349578  0.792606294 0.609770775 -0.000152547364  0.174171612 -0.226155967 0.958589911  -0.0180359185 0.304997444 0.034631975  0.502897024
f 0 0 0
F 0  0.583738565 -0.759716213 -0.285909534  0.7929461 0.609328806 -0.000152531749  0.17438677 -0.226697102 0.95842284  -0.0179601554 0.304898232 0.0345943384  0.502897024
f 0 0 0
F 0  0.583219171 -0.759918809 -0.286430538  0.793286324 0.608885884 -0.000153199799  0.174577981 -0.227207646 0.958267272  -0.0178842675 0.304798782 0.0345565602  0.502897024
f 0 0 0
F 0  0.582700789 -0.760120571 -0.28695029  0.793625653 0.608443558 -0.000153101515  0.174767554 -0.227717623 0.958111644  -0.0178086422 0.30469954 0.0345188081  0.502897024
f 0 0 0
F 0  0.582181871 -0.760321856 -0.287470043  0.793964982 0.608000875 -0.00015343228  0.174956843 -0.228227675 0.957955778  -0.0177330412 0.304600269 0.0344809853  0.502897024
f 0 0 0
F 0  0.581666827 -0.760533273 -0.287952691  0.794305861 0.60755533 -0.000154636349  0.175123051 -0.228708595 0.95781064  -0.0176570658 0.304500341 0.0344428942  0.502897024
f 0 0 0
F 0  0.581157148 -0.760742068 -0.288430065  0.794643402 0.607113898 -0.000153241024  0.175284758 -0.229186222 0.957667053  -0.0175819471 0.304401457 0.0344051383  0.502897024
f 0 0 0
F 0  0.580644011 -0.760951757 -0.288910329  0.794982195 0.606670022 -0.000154437672  0.175449133 -0.229665339 0.957522154  -0.0175064355 0.304301918 0.034367092  0.502897024
f 0 0 0
F 0  0.580131114 -0.761160612 -0.289390057  0.795320868 0.606225908 -0.000154572364  0.175611824 -0.230144873 0.957377195  -0.0174310487 0.304202437 0.034329012  0.502897024
f 0 0 0
F 0  0.57961762 -0.761369169 -0.289869964  0.795659423 0.605781496 -0.000154881491  0.175774276 -0.230624735 0.957231939  -0.0173556935 0.304102868 0.0342908502  0.502897024
f 0 0 0
F 0  0.579104543 -0.76157701 -0.290349215  0.795997441 0.605337262 -0.000154961628  0.17593576 -0.231104374 0.957086444  -0.0172805116 0.304003417 0.0342526808  0.502897024
f 0 0 0
F 0  0.578587949 -0.761785686 -0.290831447  0.796337247 0.604890227 -0.000156195019  0.176098645 -0.231586501 0.956939876  -0.0172049105 0.303903282 0.0342142023  0.502897024
f 0 0 0
F 0  0.578076541 -0.76199162 -0.291308582  0.796673596 0.604447126 -0.000154819194  0.176257163 -0.232065469 0.95679462  -0.0171301626 0.303804189 0.0341760553  0.502897024
f 0 0 0
F 0  0.577562332 -0.76219821 -0.291788042  0.797011137 0.60400188 -0.000155856906  0.176417992 -0.232545599 0.956648588  -0.0170551352 0.30370459 0.0341376737  0.502897024
f 0 0 0
F 0  0.577047765 -0.762404084 -0.292267263  0.79734844 0.603556573 -0.000156070528  0.176577508 -0.233026266 0.95650208  -0.0169801507 0.30360496 0.0340992138  0.502897024
f 0 0 0
F 0  0.576533079 -0.762609601 -0.292746335  0.797685623 0.603110909 -0.000156312744  0.176736504 -0.233507112 0.956355393  -0.0169052724 0.303505331 0.0340607092  0.502897024
f 0 0 0
F 0  0.576017618 -0.76281476 -0.293225735  0.798022866 0.60266459 -0.000156713257  0.176895142 -0.233988449 0.956208348  -0.0168303698 0.303405583 0.0340221077  0.502897024
f 0 0 0
F 0  0.575502455 -0.763019323 -0.293704778  0.798359692 0.60221839 -0.000156821581  0.177052975 -0.234469816 0.956061244  -0.0167556349 0.303305924 0.0339834876  0.502897024
f 0 0 0
F 0  0.57497263 -0.763229072 -0.294196963  0.798704743 0.601760566 -0.000161448552  0.177218318 -0.234961897 0.955909908  -0.0166788809 0.303203434 0.0339437127  0.502897024
f 0 0 0
F 0  0.574470758 -0.763427138 -0.294662923  0.799033701 0.601323664 -0.0001531249  0.177363724 -0.235436052 0.95576632  -0.0166062731 0.303106368 0.0339059904  0.502897024
f 0 0 0
F 0  0.573958993 -0.763641417 -0.295104682  0.799371123 0.600875139 -0.000158596536  0.177501276 -0.23588562 0.955629826  -0.0165312383 0.303005964 0.0338669531  0.502897024
f 0 0 0
F 0  0.573459923 -0.763862848 -0.295501709  0.799705744 0.600429595 -0.000157085364  0.177607134 -0.236303076 0.9555071  -0.016457092 0.302906632 0.0338283218  0.502897024
f 0 0 0
F 0  0.572965264 -0.764094949 -0.295860976  0.800041556 0.599981904 -0.000158134309  0.177691266 -0.236689344 0.955395877  -0.0163826272 0.302806735 0.0337894671  0.502897024
f 0 0 0
F 0  0.572478354 -0.764336348 -0.29617995  0.80037719 0.599534154 -0.000158155788  0.177750126 -0.237044185 0.955296934  -0.0163082778 0.302706927 0.0337506309  0.502897024
f 0 0 0
F 0  0.571998298 -0.764587402 -0.296459228  0.800712764 0.599085867 -0.000158441064  0.177785024 -0.237367228 0.955210149  -0.0162339024 0.30260694 0.0337117426  0.502897024
f 0 0 0
F 0  0.571532845 -0.764858007 -0.296658695  0.80104816 0.598637342 -0.000158583862  0.177771598 -0.237626538 0.95514822  -0.0161596034 0.302506894 0.0336728804  0.502897024
f 0 0 0
F 0  0.571074963 -0.765138149 -0.296818137  0.801383138 0.598188818 -0.0001585883  0.177733958 -0.237853885 0.955098689  -0.0160853826 0.302406907 0.0336340442  0.502897024
f 0 0 0
F 0  0.570651114 -0.76540792 -0.296937734  0.801698744 0.597765744 -0.000148749037  0.177672371 -0.238049194 0.955061257  -0.0160112232 0.302306831 0.033595223  0.502897024
f 0 0 0
F 0  0.570227504 -0.765677154 -0.297057211  0.802011967 0.597345412 -0.000148622566  0.177618787 -0.238238186 0.955023944  -0.0159371812 0.302206874 0.0335564315  0.502897024
f 0 0 0
F 0  0.569803059 -0.765946746 -0.297176898  0.802325547 0.596924007 -0.000148964944  0.177565366 -0.238427252 0.954986632  -0.0158630461 0.302106708 0.033517547  0.502897024
f 0 0 0
F 0  0.569373131 -0.766234398 -0.297259063  0.802647591 0.59649086 -0.000153554472  0.177489191 -0.238586456 0.954961061  -0.0157867186 0.302003443 0.0334775075  0.502897024
f 0 0 0
F 0  0.568968892 -0.766504645 -0.29733634  0.802952707 0.596080124 -0.000144397331  0.177406177 -0.238744557 0.954936922  -0.015715003 0.301906347 0.0334398523  0.502897024
f 0 0 0
F 0  0.56855166 -0.766783237 -0.297416091  0.803264618 0.595659792 -0.000149022933  0.177332237 -0.238898829 0.954912066  -0.0156410784 0.301806092 0.0334009863  0.502897024
f 0 0 0
F 0  0.568141103 -0.767071962 -0.297455966  0.803577483 0.595237494 -0.00014924843  0.177230597 -0.239023939 0.954899669  -0.0155671192 0.301705718 0.0333621018  0.502897024
f 0 0 0
F 0  0.567730129 -0.767360687 -0.297495842  0.803890347 0.594814718 -0.000149339598  0.177128673 -0.239149138 0.954887211  -0.0154931517 0.301605225 0.0333231874  0.502897024
f 0 0 0
F 0  0.567317545 -0.767650425 -0.297535926  0.804204106 0.594390273 -0.000149928965  0.177026689 -0.239274502 0.954874694  -0.0154189738 0.301504314 0.0332841165  0.502897024
f 0 0 0
F 0  0.5668993 -0.76794368 -0.297576517  0.80452162 0.593960345 -0.000151975706  0.176924467 -0.239400551 0.954862118  -0.0153438533 0.301402032 0.0332445167  0.502897024
f 0 0 0
F 0  0.566499352 -0.768223763 -0.297615379  0.804826498 0.593547165 -0.000145296042  0.176819429 -0.239526436 0.954850018  -0.0152720921 0.301304191 0.0332066566  0.502897024
f 0 0 0
F 0  0.566088736 -0.768511176 -0.297655225  0.805137157 0.593125641 -0.000149115818  0.176720545 -0.239648879 0.954837561  -0.015198512 0.301203787 0.0331678055  0.502897024
f 0 0 0
F 0  0.565666437 -0.768806159 -0.297696173  0.805456221 0.592692256 -0.000153278757  0.176618993 -0.239774585 0.954824746  -0.015122951 0.301100522 0.0331278667  0.502897024
f 0 0 0
F 0  0.565267026 -0.769084871 -0.297734886  0.805759966 0.592279136 -0.000144942227  0.176512599 -0.239901036 0.954812586  -0.0150515493 0.3010028 0.0330900885  0.502897024
f 0 0 0
F 0  0.564855576 -0.769371688 -0.297774702  0.806070149 0.591856837 -0.000149282743  0.17641376 -0.240023166 0.954800248  -0.0149780577 0.300902188 0.0330511741  0.502897024
f 0 0 0
F 0  0.564449906 -0.769669533 -0.297774673  0.806382 0.591431916 -0.000149859057  0.176287696 -0.240115821 0.954800427  -0.0149043463 0.300801128 0.033012148  0.502897024
f 0 0 0
F 0  0.564047456 -0.769964516 -0.297774643  0.806691289 0.591009855 -0.000148572741  0.176160991 -0.24020867 0.954800427  -0.0148313232 0.300700843 0.0329734571  0.502897024
f 0 0 0
F 0  0.563648224 -0.770272315 -0.297734529  0.807002902 0.590584219 -0.000150051899  0.176011696 -0.240268409 0.954812944  -0.0147576137 0.300599545 0.0329344124  0.502897024
f 0 0 0
F 0  0.563258827 -0.770587742 -0.297654808  0.807312608 0.590160549 -0.000149012674  0.175837815 -0.240297019 0.954837799  -0.0146844648 0.300498903 0.0328956693  0.502897024
f 0 0 0
F 0  0.56287694 -0.770912707 -0.297535419  0.807621598 0.589737594 -0.000148778025  0.175641313 -0.240292802 0.954874933  -0.0146114109 0.30039832 0.0328570083  0.502897024
f 0 0 0
F 0  0.562501848 -0.771247983 -0.297376007  0.807930887 0.589313805 -0.000148900406  0.175421432 -0.240256056 0.954924703  -0.0145383319 0.300297529 0.0328183472  0.502897024
f 0 0 0
F 0  0.562140703 -0.771603405 -0.297136635  0.808240235 0.58888948 -0.000148986364  0.175154343 -0.240154535 0.954999089  -0.0144651774 0.300196558 0.0327797122  0.502897024
f 0 0 0
F 0  0.561785579 -0.771969616 -0.296856523  0.808550119 0.588463962 -0.000149288055  0.174863234 -0.240019992 0.955086231  -0.0143918749 0.30009526 0.0327410363  0.502897024
f 0 0 0
F 0  0.561446607 -0.772353888 -0.296498239  0.808858395 0.588040233 -0.000148363019  0.174526036 -0.239822298 0.955197632  -0.0143189775 0.299994439 0.0327026546  0.502897024
f 0 0 0
F 0  0.561113477 -0.772749245 -0.29609865  0.809167385 0.587615013 -0.000148707477  0.174165353 -0.239590302 0.95532167  -0.0141727263 0.299791932 0.0326257721  0.502897024
f 0 0 0
F 0  0.560814977 -0.773133874 -0.29565987  0.809456885 0.587216079 -0.000138350559  0.173781529 -0.239326641 0.955457568  -0.014026789 0.299589694 0.0325492062  0.502897024
f 0 0 0
F 0  0.560516834 -0.77351737 -0.295222104  0.809743643 0.586820543 -0.000137819821  0.173407167 -0.239057198 0.955592871  -0.0138812754 0.299387842 0.0324729308  0.502897024
f 0 0 0
F 0  0.560217321 -0.773901761 -0.294782668  0.810031116 0.586423635 -0.000138133139  0.173032463 -0.238785848 0.955728531  -0.0137353046 0.299185127 0.032396473  0.502897024
f 0 0 0
F 0  0.559924543 -0.774296045 -0.29430303  0.810318589 0.586026549 -0.000137951036  0.172634095 -0.238481954 0.955876529  -0.0135893459 0.298982233 0.032320179  0.502897024
f 0 0 0
F 0  0.559632003 -0.774689198 -0.293824255  0.810605228 0.58563 -0.000137449402  0.172236532 -0.238178432 0.956023872  -0.0134437466 0.298779666 0.0322441533  0.502897024
f 0 0 0
F 0  0.559328496 -0.775096416 -0.293327987  0.810901165 0.585220098 -0.000142231016  0.171829298 -0.237860203 0.9561764  -0.0132929124 0.29856959 0.0321654938  0.502897024
f 0 0 0
F 0  0.55904603 -0.775474608 -0.292866498  0.811178565 0.58483541 -0.000132004439  0.17143859 -0.237572923 0.956317902  -0.0131527735 0.298374176 0.032092493  0.502897024
f 0 0 0
F 0  0.558752298 -0.775867105 -0.292387187  0.811463773 0.584439635 -0.000136878021  0.171046212 -0.237264708 0.956464589  -0.0130073242 0.298171192 0.0320168026  0.502897024
f 0 0 0
F 0  0.558464825 -0.776270032 -0.29186669  0.811750233 0.584041595 -0.000136964038  0.170625865 -0.2369259 0.956623614  -0.0128616123 0.297967613 0.0319411308  0.502897024
f 0 0 0
F 0  0.558184862 -0.776681423 -0.291307509  0.81203562 0.583644569 -0.000136340619  0.170183048 -0.236555383 0.956794143  -0.0127163455 0.29776448 0.0318658501  0.502897024
f 0 0 0
F 0  0.557918489 -0.777112246 -0.290668011  0.812320948 0.583247125 -0.000136129063  0.169694036 -0.236119047 0.956988692  -0.0125710368 0.297561049 0.0317908078  0.502897024
f 0 0 0
F 0  0.557651162 -0.777543426 -0.290027171  0.812606394 0.582849205 -0.000136078117  0.169204697 -0.235681221 0.957183182  -0.0124255512 0.297357112 0.0317157917  0.502897024
f 0 0 0
F 0  0.557391405 -0.777982295 -0.289348841  0.812890708 0.582452416 -0.000135238413  0.168693811 -0.235212654 0.957388639  -0.0122806868 0.29715389 0.0316412933  0.502897024
f 0 0 0
F 0  0.557130992 -0.778420687 -0.288670093  0.813174784 0.582055449 -0.000134972957  0.168183625 -0.234742999 0.95759362  -0.0121358372 0.296950459 0.0315669514  0.502897024
f 0 0 0
F 0  0.556876302 -0.778869867 -0.287948787  0.813459575 0.58165741 -0.000135080554  0.167649165 -0.234238282 0.957810938  -0.0119905304 0.296746165 0.0314925909  0.502897024
f 0 0 0
F 0  0.556621611 -0.779317677 -0.287228703  0.813743591 0.581259847 -0.000134498288  0.167115569 -0.233734339 0.958027244  -0.0118456045 0.296542197 0.0314185768  0.502897024
f 0 0 0
F 0  0.556366742 -0.779764354 -0.286509663  0.814026892 0.580862761 -0.000133950802  0.166583359 -0.233230591 0.958242536  -0.0117009599 0.296338409 0.0313448571  0.502897024
f 0 0 0
F 0  0.556117535 -0.780221403 -0.285748243  0.814310789 0.580464661 -0.000134005488  0.166027233 -0.23269175 0.958470047  -0.0115559557 0.296133935 0.0312711634  0.502897024
f 0 0 0
F 0  0.555867314 -0.780701637 -0.284922332  0.814602315 0.580055416 -0.000137670839  0.165433943 -0.23210007 0.958715975  -0.0114066433 0.295923114 0.0311955251  0.502897024
f 0 0 0
F 0  0.555638015 -0.781161845 -0.284106582  0.814878285 0.579667628 -0.000129078238  0.164843708 -0.231518537 0.958958209  -0.0112662474 0.29572475 0.0311246589  0.502897024
f 0 0 0
F 0  0.555408061 -0.78164506 -0.283225894  0.815160334 0.579271078 -0.00013260149  0.164223567 -0.230878681 0.95921874  -0.0111216921 0.295520216 0.031051917  0.502897024
f 0 0 0
F 0  0.555184007 -0.782137394 -0.282304138  0.81544286 0.578873158 -0.000132284127  0.163576901 -0.230207041 0.959490478  -0.0109770382 0.295315385 0.030979421  0.502897024
f 0 0 0
F 0  0.554966211 -0.782638311 -0.281342745  0.815724969 0.578475416 -0.000131750814  0.162907943 -0.229502574 0.959773004  -0.0108325528 0.295110554 0.0309072677  0.502897024
f 0 0 0
F 0  0.554761171 -0.783157408 -0.280300796  0.816006899 0.578077674 -0.000131308654  0.162193194 -0.228731677 0.960077941  -0.0106880814 0.294905514 0.0308354907  0.502897024
f 0 0 0
F 0  0.554561734 -0.783685327 -0.27921769  0.81628859 0.577679753 -0.000130889719  0.161455452 -0.227926463 0.960393667  -0.0105435522 0.294700205 0.0307639986  0.502897024
f 0 0 0
F 0  0.554367721 -0.784222662 -0.278091878  0.81657064 0.577280998 -0.000130629676  0.160693824 -0.227085888 0.96072042  -0.0102540208 0.294288456 0.0306214299  0.502897024
f 0 0 0
F 0  0.554179668 -0.784767628 -0.276927054  0.816852033 0.57688278 -0.000129918175  0.159910396 -0.226212814 0.961057007  -0.0099649597 0.293877006 0.0304797757  0.502897024
f 0 0 0
F 0  0.553997874 -0.785318553 -0.275726289  0.817132115 0.576485872 -0.000128881045  0.159107283 -0.225309491 0.961402476  -0.00967709441 0.293466866 0.0303393938  0.502897024
f 0 0 0
F 0  0.553820848 -0.785879314 -0.274481028  0.817412555 0.576088011 -0.000128718675  0.158279896 -0.224368796 0.961758912  -0.00938837137 0.293055087 0.030199321  0.502897024
f 0 0 0
F 0  0.553642988 -0.786437869 -0.27323693  0.817692578 0.575690508 -0.000127960302  0.157453746 -0.223428458 0.96211338  -0.00910009909 0.292643487 0.0300600734  0.502897024
f 0 0 0
F 0  0.553465188 -0.787021637 -0.27191332  0.817979932 0.575281918 -0.000131213776  0.156583086 -0.222422317 0.962488592  -0.00880322605 0.292219132 0.0299174115  0.502897024
f 0 0 0
F 0  0.553296208 -0.787570655 -0.270664513  0.818252563 0.574893951 -0.000123161619  0.155753106 -0.221478745 0.962840796  -0.00852330588 0.291818619 0.0297835246  0.502897024
f 0 0 0
F 0  0.553126812 -0.788146079 -0.269332349  0.818532288 0.574495494 -0.000126749233  0.15488258 -0.220461786 0.963214517  -0.0082339244 0.291404217 0.0296458751  0.502897024
f 0 0 0
F 0  0.552990735 -0.788706481 -0.26796779  0.818792224 0.574124873 -0.000116397052  0.153990939 -0.219419941 0.963595271  -0.00794633292 0.290992081 0.0295098927  0.502897024
f 0 0 0
F 0  0.552859366 -0.789275527 -0.266559511  0.819051027 0.573755562 -0.000116015261  0.153083503 -0.218335733 0.963986039  -0.00765819103 0.290578753 0.0293744635  0.502897024
f 0 0 0
F 0  0.552732885 -0.78985244 -0.265109032  0.819309831 0.573385954 -0.000115517556  0.152152643 -0.217216268 0.964386165  -0.00736983586 0.290164709 0.0292397663  0.502897024
f 0 0 0
F 0  0.552601159 -0.790444076 -0.263616204  0.819575191 0.573006511 -0.000118191907  0.151198506 -0.216061294 0.96479553  -0.00707322918 0.289738476 0.0291019753  0.502897024
f 0 0 0
F 0  0.552481771 -0.791007817 -0.262171239  0.819826365 0.572646916 -0.000110656823  0.15027006 -0.214946672 0.965189636  -0.00679405732 0.28933686 0.0289731342  0.502897024
f 0 0 0
F 0  0.552362919 -0.79159826 -0.260635287  0.820084155 0.572277665 -0.000113805007  0.149296597 -0.213752687 0.965605795  -0.00650530634 0.288921058 0.0288407356  0.502897024
f 0 0 0
F 0  0.552270234 -0.792165697 -0.259103417  0.820323229 0.571934938 -0.000104138009  0.148323119 -0.212563157 0.966018319  -0.00621738797 0.288506299 0.0287095346  0.502897024
f 0 0 0
F 0  0.552173078 -0.792747915 -0.257524967  0.82056725 0.571584821 -0.000106614556  0.147331938 -0.211329505 0.966440558  -0.00592093589 0.288078815 0.0285752416  0.502897024
f 0 0 0
F 0  0.552085698 -0.793303967 -0.25599575  0.820798576 0.571252584 -9.99934855e-05  0.146367237 -0.210137039 0.966847003  -0.00564124342 0.287675142 0.0284494534  0.502897024
f 0 0 0
F 0  0.551994205 -0.79387331 -0.25442335  0.821034729 0.570913076 -0.000102143546  0.145384073 -0.208904967 0.967262268  -0.00535382843 0.287259966 0.0283209607  0.502897024
f 0 0 0
F 0  0.551900804 -0.794441521 -0.252847165  0.821271598 0.570572376 -0.000101706588  0.144397438 -0.207670584 0.967675745  -0.00506589841 0.286843687 0.0281930435  0.502897024
f 0 0 0
F 0  0.551805854 -0.795007408 -0.25127086  0.82150811 0.570231736 -0.000101047604  0.143411681 -0.206435442 0.9680866  -0.0047781216 0.286427259 0.0280659925  0.502897024
f 0 0 0
F 0  0.551709116 -0.795571983 -0.249692082  0.821744621 0.569890857 -0.000100553385  0.142425597 -0.205197349 0.968495309  -0.00449004676 0.286010057 0.0279396158  0.502897024
f 0 0 0
F 0  0.551610827 -0.796132922 -0.248116031  0.821980357 0.569550753 -9.96743547e-05  0.141442105 -0.203960806 0.968900502  -0.0042026639 0.28559345 0.027814338  0.502897024
f 0 0 0
F 0  0.551510811 -0.796692193 -0.246538714  0.822216034 0.569210649 -9.90841218e-05  0.140459105 -0.202722251 0.96930337  -0.00391522562 0.285176396 0.0276898406  0.502897024
f 0 0 0
F 0  0.551408947 -0.797249913 -0.244958684  0.82245177 0.568870008 -9.85779479e-05  0.139475584 -0.201480702 0.969704151  -0.00362747279 0.284758538 0.0275660045  0.502897024
f 0 0 0
F 0  0.551305234 -0.79780668 -0.24337481  0.822687626 0.568528771 -9.81325211e-05  0.13849093 -0.200235352 0.970103145  -0.00333921681 0.284339517 0.0274427552  0.502897024
f 0 0 0
F 0  0.55120039 -0.79835844 -0.241798282  0.82292217 0.568189263 -9.70142646e-05  0.137511313 -0.198995262 0.970497668  -0.00305246701 0.283922344 0.0273209475  0.502897024
f 0 0 0
F 0  0.551093459 -0.798909307 -0.240217298  0.823157012 0.567848921 -9.66294174e-05  0.136530682 -0.197750419 0.970890462  -0.00276507763 0.28350389 0.0271996707  0.502897024
f 0 0 0
F 0  0.550984859 -0.799458086 -0.238635466  0.823391676 0.567508638 -9.60164834e-05  0.135550484 -0.196504265 0.971280754  -0.00247769523 0.283085108 0.027079206  0.502897024
f 0 0 0
F 0  0.550874531 -0.800004959 -0.237052262  0.823626161 0.567168295 -9.54194766e-05  0.134570569 -0.195256203 0.971668661  -0.00219024881 0.282665849 0.0269595105  0.502897024
f 0 0 0
F 0  0.550762355 -0.80055064 -0.235465363  0.823860824 0.566827238 -9.49739551e-05  0.133589596 -0.194004282 0.97205472  -0.00190233369 0.282245487 0.0268404204  0.502897024
f 0 0 0
F 0  0.550649107 -0.801091254 -0.233886421  0.824094057 0.566488087 -9.38184239e-05  0.132614106 -0.192758217 0.97243607  -0.00161602453 0.281827122 0.0267227963  0.502897024
f 0 0 0
F 0  0.550533414 -0.801632941 -0.23229748  0.824328303 0.566147208 -9.37344521e-05  0.131634414 -0.191502795 0.972817123  -0.00132807228 0.281405985 0.0266053025  0.502897024
f 0 0 0
F 0  0.550416708 -0.80216974 -0.230716318  0.824561298 0.565807819 -9.26049179e-05  0.130659744 -0.190253377 0.973193586  -0.00104172598 0.280986816 0.0264892634  0.502897024
f 0 0 0
F 0  0.550298154 -0.80270505 -0.229132429  0.824794292 0.565468073 -9.20938692e-05  0.129685029 -0.189000621 0.973567963  -0.000755050743 0.280566841 0.0263739005  0.502897024
f 0 0 0
keys Dt
F 0  0.550179541 -0.803263843 -0.227453098  0.82503444 0.565117776 -9.44886488e-05  0.128657401 -0.187668413 0.97396189  -0.000458872033 0.280132502 0.0262556616  0.502897024
f 0 0 0
F 0  0.550093055 -0.803768158 -0.225875437  0.825242996 0.564813077 -8.07520846e-05  0.127685636 -0.186420932 0.974329233  -0.000180708215 0.279724419 0.0261454787  0.502897024
f 0 0 0
F 0  0.550002217 -0.804285586 -0.224249125  0.825455606 0.564502358 -8.26351461e-05  0.126698643 -0.185125098 0.974705279  0.000105875923 0.27930364 0.0260327701  0.502897024
f 0 0 0
F 0  0.549909592 -0.804800868 -0.222621709  0.825668395 0.564191043 -8.20567002e-05  0.125709891 -0.183829024 0.975078464  0.00039248832 0.278882444 0.0259208754  0.502897024
f 0 0 0
F 0  0.549815178 -0.8053146 -0.220991805  0.825881302 0.563879371 -8.15599487e-05  0.12472073 -0.18253012 0.975449383  0.000679380726 0.278460562 0.0258097053  0.502897024
f 0 0 0
F 0  0.549719036 -0.805825412 -0.219362602  0.826093853 0.563567877 -8.08870536e-05  0.12373291 -0.181231141 0.975817263  0.000965973362 0.27803874 0.0256994814  0.502897024
f 0 0 0
F 0  0.549618065 -0.80635041 -0.217679769  0.826312661 0.563247085 -8.28837728e-05  0.12271601 -0.179887086 0.976194382  0.00126183371 0.277602911 0.0255865473  0.502897024
f 0 0 0
F 0  0.549521506 -0.806841135 -0.216099128  0.826518834 0.562944353 -7.72391068e-05  0.121755436 -0.178628176 0.976545811  0.00153957412 0.277193457 0.0254813693  0.502897024
f 0 0 0
F 0  0.549447894 -0.807326734 -0.214466512  0.826712132 0.562660277 -7.19766322e-05  0.120770954 -0.17732279 0.976905942  0.00182636396 0.276770532 0.0253736023  0.502897024
f 0 0 0
F 0  0.549372613 -0.807809055 -0.212836459  0.826904356 0.562377751 -7.12787078e-05  0.119792812 -0.176016062 0.977262616  0.00211256323 0.276348144 0.0252668876  0.502897024
f 0 0 0
F 0  0.549321532 -0.808286011 -0.211150452  0.827083766 0.562113941 -6.58060089e-05  0.118784256 -0.174662352 0.977628469  0.00240852195 0.275911242 0.0251574367  0.502897024
f 0 0 0
F 0  0.549298704 -0.808713019 -0.209568322  0.827233851 0.561892807 -5.44595168e-05  0.117839068 -0.173391104 0.97796905  0.00268618902 0.275501221 0.025055619  0.502897024
f 0 0 0
F 0  0.54927361 -0.809151173 -0.207936421  0.827387035 0.561667025 -5.57315616e-05  0.116875917 -0.172071874 0.978317559  0.00297247129 0.275078237 0.0249514617  0.502897024
f 0 0 0
F 0  0.549246848 -0.809587955 -0.20630087  0.827540576 0.561440587 -5.53973623e-05  0.115910038 -0.170750082 0.978663921  0.00325926882 0.274654239 0.0248479638  0.502897024
f 0 0 0
F 0  0.549218416 -0.810022175 -0.204665273  0.82769388 0.561214328 -5.49371216e-05  0.114944756 -0.169427738 0.979007423  0.00354597857 0.274230182 0.0247453563  0.502897024
f 0 0 0
F 0  0.549216032 -0.810435653 -0.203028649  0.827828944 0.561015069 -4.76984533e-05  0.113979645 -0.168104067 0.979348421  0.0038328222 0.273805827 0.0246435739  0.502897024
f 0 0 0
F 0  0.549211979 -0.810846329 -0.201393694  0.827962816 0.56081742 -4.7258367e-05  0.113021925 -0.166777387 0.979686141  0.00411927793 0.273381829 0.0245427899  0.502897024
f 0 0 0
F 0  0.549206316 -0.811255038 -0.199756846  0.828096747 0.560619593 -4.69077313e-05  0.11206384 -0.165448606 0.980021417  0.00440596789 0.272957295 0.0244427733  0.502897024
f 0 0 0
F 0  0.549226701 -0.811643481 -0.198116645  0.8282125 0.560448706 -3.99408782e-05  0.111104496 -0.164116666 0.980354548  0.00469321199 0.272531867 0.0243434496  0.502897024
f 0 0 0
F 0  0.549245417 -0.812028289 -0.196481243  0.828327 0.560279429 -3.94812341e-05  0.110153966 -0.162784472 0.980683804  0.00497952336 0.272107631 0.024245305  0.502897024
f 0 0 0
F 0  0.549262643 -0.812411427 -0.194842219  0.82844162 0.560109973 -3.9236078e-05  0.109202109 -0.161448821 0.981010914  0.00526636606 0.271682411 0.0241478309  0.502897024
f 0 0 0
F 0  0.549305856 -0.812773824 -0.193202138  0.828537762 0.559967637 -3.24330867e-05  0.108250163 -0.160111994 0.981335402  0.00555340294 0.271256953 0.0240511801  0.502897024
f 0 0 0
F 0  0.549347401 -0.813133359 -0.191564307  0.82863301 0.559826493 -3.21019506e-05  0.107305422 -0.158772916 0.981656671  0.0058399681 0.270831972 0.0239555519  0.502897024
f 0 0 0
F 0  0.549415171 -0.813472807 -0.189922243  0.828710079 0.55971247 -2.55086034e-05  0.106358834 -0.157430097 0.981975913  0.00612728903 0.270405948 0.02386057  0.502897024
f 0 0 0
F 0  0.549508989 -0.813790917 -0.188280568  0.828767955 0.559626639 -1.89585789e-05  0.105418161 -0.156083643 0.982292175  0.00641455781 0.269980043 0.0237665009  0.502897024
f 0 0 0
F 0  0.549601257 -0.814106882 -0.186638325  0.828825116 0.559541881 -1.88067825e-05  0.104482897 -0.154732943 0.982605636  0.00670187036 0.269553989 0.0236732885  0.502897024
f 0 0 0
F 0  0.549691677 -0.814419746 -0.18499966  0.828882277 0.559457421 -1.85957597e-05  0.10354986 -0.153384984 0.98291564  0.00698853843 0.269128829 0.0235811584  0.502897024
f 0 0 0
F 0  0.549808741 -0.814712703 -0.183354408  0.82892102 0.559400022 -1.23382933e-05  0.102613471 -0.152031362 0.983224094  0.00727637345 0.268702 0.0234895442  0.502897024
f 0 0 0
F 0  0.549951553 -0.814984143 -0.181712553  0.82894069 0.559370875 -6.10232246e-06  0.101684354 -0.150676966 0.98352921  0.00756367855 0.268276095 0.023399014  0.502897024
f 0 0 0
F 0  0.550097227 -0.815259933 -0.180026829  0.828959763 0.559342623 -6.05517744e-06  0.100735985 -0.14928259 0.983839273  0.00785144512 0.267849475 0.0233093463  0.502897024
f 0 0 0
F 0  0.55026871 -0.815514088 -0.178343236  0.828960419 0.55934155 -3.29762617e-09  0.0997888297 -0.147889882 0.984145999  0.00813892484 0.267423451 0.0232207049  0.502897024
f 0 0 0
F 0  0.550498366 -0.815734923 -0.176616102  0.828923583 0.559396088 1.18656617e-05  0.0988224149 -0.146457776 0.984457552  0.00842700154 0.26699689 0.0231329743  0.502897024
f 0 0 0
F 0  0.550725818 -0.815952718 -0.174892053  0.828885555 0.559452236 1.17182026e-05  0.0978676155 -0.145021483 0.98476541  0.00871458743 0.266571134 0.0230463259  0.502897024
f 0 0 0
F 0  0.550952017 -0.816168308 -0.173164919  0.828847468 0.559508502 1.16307028e-05  0.0969108716 -0.143582776 0.985070765  0.009002693 0.266144663 0.0229604505  0.502897024
f 0 0 0
F 0  0.551176667 -0.816381514 -0.171435833  0.82880944 0.559564888 1.15225466e-05  0.095952861 -0.142142579 0.985373378  0.00929115899 0.265717715 0.0228754096  0.502897024
f 0 0 0
F 0  0.551427603 -0.816573739 -0.169704929  0.828752995 0.559648514 1.71185893e-05  0.0949936137 -0.140701026 0.985673189  0.00958001707 0.265290409 0.0227912106  0.502897024
f 0 0 0
F 0  0.551704466 -0.816744626 -0.167974755  0.828677535 0.559760213 2.257702e-05  0.0940393135 -0.139256984 0.985969722  0.00986889936 0.264863372 0.0227079745  0.502897024
f 0 0 0
F 0  0.552034378 -0.81687516 -0.166246682  0.828564763 0.559927166 3.34581127e-05  0.0930905119 -0.13781175 0.986262739  0.0101576755 0.26443702 0.0226257667  0.502897024
f 0 0 0
F 0  0.552399695 -0.816987514 -0.164472401  0.828429103 0.560127854 3.96509495e-05  0.0921246782 -0.136322245 0.986560285  0.0104543278 0.263999373 0.0225423183  0.502897024
f 0 0 0
F 0  0.552773654 -0.817073762 -0.162779406  0.828280807 0.560346901 4.27810737e-05  0.0912091583 -0.134896815 0.986841261  0.01073757 0.263581932 0.0224636234  0.502897024
f 0 0 0
F 0  0.553180993 -0.817140341 -0.161052033  0.828110933 0.560597956 4.858596e-05  0.0902766287 -0.133441478 0.987124801  0.0110267513 0.263156116 0.0223842394  0.502897024
f 0 0 0
F 0  0.553656161 -0.817167878 -0.159270495  0.827897072 0.560913563 6.05557871e-05  0.0893180519 -0.131938249 0.987413943  0.0113253361 0.262717187 0.0223033167  0.502897024
f 0 0 0
F 0  0.554156601 -0.817154706 -0.157588914  0.827657878 0.561266303 6.68026987e-05  0.0884249806 -0.130511329 0.987683892  0.0116074523 0.262303144 0.0222278647  0.502897024
f 0 0 0
F 0  0.554725707 -0.817101121 -0.155856133  0.827373981 0.561684787 7.85563316e-05  0.087507762 -0.129039004 0.987958968  0.0118985418 0.261876732 0.0221510101  0.502897024
f 0 0 0
F 0  0.555348516 -0.817006886 -0.154122442  0.82705158 0.56215924 8.80627049e-05  0.0865990296 -0.127559721 0.988231063  0.0121901436 0.26145038 0.0220750514  0.502897024
f 0 0 0
F 0  0.555968046 -0.816909969 -0.152392283  0.826728642 0.562633872 8.68700372e-05  0.0856994241 -0.126078501 0.988499463  0.0124813979 0.261025041 0.0220001694  0.502897024
f 0 0 0
F 0  0.556615651 -0.816791058 -0.150655583  0.826385975 0.563137114 9.12547475e-05  0.0847942233 -0.124593094 0.988765717  0.0127740717 0.260598361 0.0219259262  0.502897024
f 0 0 0
F 0  0.5572595 -0.816669643 -0.148923859  0.826043665 0.563639164 8.99360748e-05  0.0838945806 -0.123109855 0.989028096  0.0130661633 0.260173082 0.0218528192  0.502897024
f 0 0 0
F 0  0.557902753 -0.816545069 -0.147188455  0.825700402 0.56414181 8.90608135e-05  0.082990855 -0.121624902 0.989288032  0.0133591164 0.259747088 0.0217804871  0.502897024
f 0 0 0
F 0  0.558544457 -0.816417515 -0.145452023  0.82535696 0.564644217 8.80468215e-05  0.0820848346 -0.120140105 0.989544928  0.0136525091 0.259321004 0.0217090417  0.502897024
f 0 0 0
F 0  0.559183776 -0.81628722 -0.143716544  0.825013518 0.565145969 8.69256546e-05  0.0811776742 -0.118657336 0.989798605  0.0139459837 0.258895338 0.0216385573  0.502897024
f 0 0 0
F 0  0.559821248 -0.816153944 -0.141980618  0.824669778 0.565647244 8.58805579e-05  0.0802683458 -0.117175333 0.990049183  0.0142397955 0.25846976 0.0215689801  0.502897024
f 0 0 0
F 0  0.560482979 -0.815993786 -0.140281022  0.824306309 0.566176832 8.98034559e-05  0.0793777704 -0.115724489 0.990291536  0.0145347994 0.2580432 0.0214999989  0.502897024
f 0 0 0
F 0  0.561142802 -0.815830708 -0.13858144  0.823942125 0.566706598 8.86979833e-05  0.0784895197 -0.114271991 0.990530968  0.0148300724 0.257616818 0.021431921  0.502897024
f 0 0 0
F 0  0.561798096 -0.815665603 -0.136888593  0.823579252 0.56723386 8.72638848e-05  0.0776032284 -0.112826236 0.990766466  0.015124457 0.257192314 0.0213650167  0.502897024
f 0 0 0
F 0  0.562454164 -0.815496922 -0.135188684  0.823214769 0.567762613 8.65244801e-05  0.0767107904 -0.111376129 0.990999937  0.0154203186 0.25676626 0.0212987363  0.502897024
f 0 0 0
F 0  0.563105524 -0.815326154 -0.133496165  0.822851658 0.568288743 8.50468205e-05  0.0758209899 -0.109933071 0.991229475  0.0157151744 0.256342202 0.0212336425  0.502897024
f 0 0 0
F 0  0.563785136 -0.815132916 -0.131796822  0.822468102 0.568843722 8.87309579e-05  0.0749251544 -0.10848587 0.991456985  0.0160115678 0.255916715 0.0211691894  0.502897024
f 0 0 0
F 0  0.564485848 -0.814913809 -0.130141914  0.822065771 0.569424987 9.17978468e-05  0.0740566105 -0.107073702 0.991675675  0.0163077954 0.25549227 0.0211056229  0.502897024
f 0 0 0
F 0  0.565212786 -0.814672709 -0.128485382  0.821643651 0.570033908 9.50392714e-05  0.0731886849 -0.10565912 0.991891801  0.0166047011 0.255067706 0.0210428741  0.502897024
f 0 0 0
F 0  0.565962911 -0.814405501 -0.126869082  0.821201742 0.570670307 9.81416451e-05  0.0723452792 -0.104276396 0.992099941  0.0169021934 0.254643142 0.0209808312  0.502897024
f 0 0 0
F 0  0.566709936 -0.814135849 -0.125255272  0.820759892 0.571305633 9.67286906e-05  0.0715047792 -0.102894567 0.992305219  0.0171995405 0.254219443 0.0209197421  0.502897024
f 0 0 0
F 0  0.567484856 -0.813843429 -0.123636559  0.82029736 0.571969509 9.9928875e-05  0.0706592128 -0.101510219 0.992508411  0.0174982212 0.25379476 0.0208593216  0.502897024
f 0 0 0
F 0  0.568254232 -0.813544452 -0.122060888  0.819834471 0.572632611 9.85306033e-05  0.0698398203 -0.10016004 0.992703557  0.0177969337 0.253370762 0.0207996871  0.502897024
f 0 0 0
F 0  0.569020689 -0.81324327 -0.120487139  0.819371998 0.573294222 9.71325135e-05  0.0690192282 -0.0988129005 0.992895961  0.0180956163 0.252947509 0.0207409635  0.502897024
f 0 0 0
F 0  0.569814503 -0.812919497 -0.118909806  0.818889022 0.573983848 0.000100062018  0.0681943223 -0.0974643677 0.993086219  0.0183954202 0.252523601 0.0206829365  0.502897024
f 0 0 0
F 0  0.570630729 -0.812570035 -0.117374651  0.818386495 0.574700177 0.000102659542  0.0673949122 -0.0961493701 0.993269145  0.0186954979 0.252100229 0.0206256472  0.502897024
f 0 0 0
F 0  0.571473002 -0.8121984 -0.115838505  0.817863822 0.575443625 0.000105269995  0.0665958822 -0.0948328227 0.993449569  0.0189962257 0.251676917 0.0205691345  0.502897024
f 0 0 0
